7.305440516645508
1.7785429466455085
5.937596303354489
2.5927368666992194
0.6916082968261748
0.28877136088867417
1.0696321719238284
6.332140510937499
0.19612287803222728
0.0976356674316392
0.4016191454101552
0.06294940666503734
3.704828331904295
3.3235565848144546
0.22818354541015395
0.26644518945312257
0.08563529868163755
1.1670410206738282
0.798937234387207
0.47658445985107445
0.25909558572998037
1.3617341861572267
0.06622297660400456
0.6026559449999986
0.6905241462646501
0.4105928511230488
0.3773801747558565
1.038998003789061
0.6175558079986572
0.8115696671752932
2.013260300254638
2.2228422396470946
1.5634831271931153
9.852997734069824
0.9422892523803714
3.106360293395996
0.7942170927734367
0.26611196777343693
2.4225618610058604
0.2732207720507809
0.2873391140136725
0.22698187695312555
0.4867187357177727
0.41958944836425616
0.5509010231323241
0.713639737731933
0.14122095056152517
0.5091798046874985
0.3310253308544908
0.5402257824267593
0.13949965380859553
3.226725047973634
1.2364792171630867
0.2548087584472656
0.3177246188964844
0.2471920921020505
0.3915150012207036
0.0404475052929687
0.7989030104199202
0.11006775964355597
0.3046461783447256
0.8918502238769541
0.22898720439453157
1.036952944885254
0.3521334006347665
0.34612884979248015
1.3584210322192387
0.5225692629924927
0.22784388322448734
0.21649367216491688
0.4999024393005369
0.14488853445434557
0.5363860362548829
0.06667182534790062
0.04218032318115217
0.026801849609374706
1.1687655273359372
2.0449408651044925
0.6068789005126956
0.1697691373901371
0.5685110798339839
0.39453661444873056
0.711773664960937
1.420955294067383
1.1904313663330086
0.3231188062744135
0.2160532480468751
0.515646706916626
0.48309248240661606
0.34168708651733404
0.31843463034057606
0.31376433593749997
0.3553572806396481
0.2085296359863289
0.029350849296386983
0.21028625209063723
0.07253377191162125
1.7252729789276122
0.590338752838135
0.8957319703063966
1.897670302368164
0.8607410924072258
0.13033514882641573
1.9688862561154785
0.5784817743835449
0.7089740460510252
0.18462379541015617
0.629625034240723
0.5291134229287109
0.9492878239352418
0.7707556509626463
0.36799999710845954
0.02904543325805653
0.7118358152008057
1.2424670706024168
0.17956410882568363
0.4299598263549802
0.3207433263549806
0.11955468369140654
0.13567695982818606
0.19019454039532374
0.024037467671577453
0.37208097975158694
0.10815184233093267
2.03903941843396
0.3772848063886727
0.7150274863281254
0.3897627199707028
0.7215634003295897
0.593628631853516
0.14788451137207037
0.1753516273522946
0.5296412270627444
0.5440966349182128
0.5829768988420412
1.8101694456499025
7.116511484418947
2.1915247956542956
0.3745377790966806
0.47934469185791073
0.5603513999406742
0.4318215791093749
0.9231652310180665
0.6000860774482422
0.29312298648898316
0.2504740771720275
0.1719626669800416
0.3031717355697021
0.19686744562841807
0.18244339746093763
0.14640043704916383
0.22660704414678956
0.2606259690758057
0.12687909687493892
0.17026476785937494
0.408953252175537
0.20242927478479
0.5867909652010499
0.1066412319685055
0.3647466213803714
0.7526670563685303
0.34567140295947274
0.5369033514112549
1.0385758612386626
0.6417345562590331
0.7681886599816283
1.259029966152191
0.6089614369589996
0.6354231536204833
0.5759999999042971
0.8858246638513183
0.5451636068474119
0.47239033821972676
0.20072039007580567
0.0733958702194828
0.08484649976123038
0.43998695424877887
0.2636310919482421
0.8457165417902222
2.775264254105469
3.337721643449707
0.6399235075512695
1.3875983911684568
0.15271485390820239
0.2373600439619139
0.2180010604536129
0.41471873919140556
0.22175122957080085
0.12128197785256956
0.018654766094390873
0.2838884386203918
0.2278525550375976
0.4556642797158199
0.03301725729837035
0.2679542777419205
0.38174983383178684
0.16127320247631793
0.4783992535614624
0.32476443588708515
0.22192129056237775
1.2315708285152587
0.20850158507519545
0.9416717264843744
0.07021016470812969
0.30589923889379866
0.5194665626154782
1.296540156941406
2.8091472318533937
2.1777377273444825
1.5303992868928225
1.5706168198928223
0.3670660772170411
0.9750283717829591
1.5984365640286864
