0.4258574680224605
1.6780762283105446
1.5503725762988267
3.0917775996777337
5.075983646162108
0.8953196405761688
1.2202441185058603
1.5437592647949216
1.490063942236329
0.12926375473632845
0.39270644672851773
0.6678608216796889
4.85218398350586
0.2935242294335936
6.841343940917966
0.2588785851562534
3.947109272753906
0.044371503710934235
0.09098515136718888
1.5928523355712905
0.3874768692626951
0.09321911901855628
0.06594818298339788
0.9656142194824184
0.14885884716797193
0.3983646735839841
3.3447044848632785
0.6963733221874975
2.7062441043928223
0.5224529617004396
1.6407404312059324
0.15256210289782723
1.0642275877260738
0.8685187514570316
0.931142018449707
0.12419746887206884
0.11596164099121253
0.8981376655273436
0.10650754724121114
0.22396422192382914
0.5709923002929713
0.6526598325195323
0.3907080507812495
0.2215815391406224
1.2575826199169917
1.134945269897461
0.5133729996337877
0.8660298293457025
0.8181218309326184
0.3931743431396484
0.07235872656249853
3.936786759521482
0.2086214800781221
2.4059145895263665
0.6313669015502938
0.1505159677734369
0.5117947696533207
0.2428812584228517
0.2983368032226572
0.07438111328124819
0.6871169848632803
0.7198509484863251
0.6544553124511729
0.8588266849853525
0.32031702880859214
1.0729811239013678
5.789035352414551
0.5034003598659664
0.2002166755981447
0.015343111145019961
0.3297493000488281
0.935428477128907
1.2134023797778326
0.7584487880859392
0.02637748559570241
0.3880464156494128
0.08002436360351695
1.0991862065961922
0.05695279058837954
0.5522783646850584
0.6920606789550767
0.45123601518066536
0.26550056461914195
0.3609769804687488
0.4878868277587891
0.23579228117675655
0.5390236760925289
0.9952702872541508
0.45690641880615246
0.05562140775878888
0.08476664018066415
2.0925638571777334
0.2242111783447278
1.8252169581298823
0.217227623857422
2.4703624322736815
0.8797296086730961
0.5661132898559575
0.014561104675292924
3.030755892387207
0.4676507391796889
0.3666560640869143
0.023864316604003122
1.5880263456169432
0.2778612987976077
0.17283822750854494
0.16281873822021442
0.6638882600019524
2.408556442756836
0.02055062804638652
3.4148747706756595
0.3417403756713868
0.29338875616455073
0.561446070678711
1.2195758144360358
1.229711100629883
0.4018431705932617
0.4054043607788085
0.042352447802734616
0.6595791362457275
1.160619745399658
2.7050719545515136
0.6198908595275885
0.7621308724897453
1.50958954590625
0.1930896575756833
1.2236295085449225
0.16944451477050748
0.03800726611328287
0.7116200573754892
0.11971013612817405
0.2859696029011234
0.12615819939941453
1.341593550109863
2.3787887498303224
0.8958301134382323
0.3877878376025379
0.4626501159667953
1.5152242969970686
1.2903772044599613
2.9431248221967774
0.6132452970712894
0.013381721736144936
0.006850501694244393
0.1347978885086365
0.12386020539404319
0.3822616160843504
0.5114290144968261
0.29975010567163096
0.2035770895134279
1.9735815426779784
1.3616823952888182
0.2720001194816897
0.053349395024902435
0.268709711123047
0.06098434506384276
0.38308553510058596
2.0480097302526854
1.3739507641608881
0.7219778603808589
0.8836551352729494
0.20067742125024424
0.20673374777832
0.2624326653322755
0.02146253204714965
0.17840256259103393
0.6599695724639283
0.3365012243270875
0.12425987007910155
0.38850185499902334
1.0358506299135741
1.9466166008857417
0.9878005791201172
1.6527185938222657
0.5222468083984984
0.902175296331726
0.44726510873168945
0.3223776252718811
1.0504044142940674
0.4901769384873038
0.935123895283203
0.3316204763110351
0.3084452504006352
0.017952509763183855
0.28071943177978476
0.3202152594628913
0.16181963082275352
1.6144428673964843
0.45942097143554683
0.16426050706359874
0.6075860520408936
0.10581612300561538
0.3264179433269039
0.4912334696295777
0.02866572026922598
0.26303307470703174
0.11733791960351603
3.3904223539475096
0.12059021774292011
0.16819588939892594
0.5003857626414795
0.21267924841552732
0.14009623407153304
0.07057103396167008
0.18251915366821247
0.524474139451416
0.8276199406159973
4.627215915420288
1.6969653050144045
1.357418660880493
1.389176215880493
0.37978436912084956
0.20825159166021723
0.24390400286416625
