16.900867051132813
6.7755823111328155
5.983366468867189
1.8276054288671872
14.393905928867184
13.447184874951176
3.597870015673834
1.6511980947949212
3.0659317314257812
0.5746697127441411
0.24147012957763714
0.14483547897949123
0.3744381450634755
0.202986895351561
0.4125306443847663
0.45281270527343764
0.2956358934082033
0.4267827168359375
0.5521455108781739
0.3747692205200197
0.35939165588378863
0.7636969241882321
0.3168067002363282
0.25443747945800865
1.2680863742187505
0.1823849176757797
0.02257138881835985
0.38802748498046924
0.19370728163891604
4.196301551690674
3.7058807437451176
6.748313315274903
0.8226120643603512
8.269900331165772
0.7221110882873534
0.6078253900756838
0.03665439062499942
0.3121516831420905
1.4467656969873044
2.1402286148583993
0.4535081322509775
0.22049113713378787
0.2998155102539073
0.32041445521972634
0.02028336854248103
0.06431290743408269
0.09433824011230385
0.44575356658935483
0.3368456267871096
0.8012249350756839
0.14928610754394533
0.32558216467285206
0.06189137402343903
0.18585783849487303
0.16326777630615208
0.046642399353027386
0.21710322967529372
0.2499069431684564
0.8865472840747071
0.14639401062011714
0.10301610375976722
0.2735643471679694
0.3867100178710938
1.076826780957031
1.5110620350952146
2.139451992675781
3.7046737090295405
0.2764117237822189
0.2967772048511505
0.805627229970932
1.2545728171463013
1.3719411082361297
1.0310296042558593
0.49685129223251345
1.4589314117469787
3.1582014165649412
2.9934986740949707
0.47509300861376946
1.637848096740723
0.062311964660644925
0.9025036121826169
0.32721080622119203
0.37408665632812443
0.24825473620605543
0.16678964410400354
0.18947043977050804
0.7202771897521973
0.29651503209704577
0.10634461994152833
0.21228132832336444
0.21933862243652325
0.42806029003906243
0.08905283624267568
0.07731120959472637
0.17486700111389153
0.053016592132568374
0.1720634858007431
1.2439246658704282
0.46677571331405643
0.6807331500818177
0.8230899681928712
0.05030911639404323
0.7812652388808594
0.16569713562097155
0.7597127304992677
1.055000510345459
0.6753344788818358
0.6504736862867428
0.2868823220438538
0.65990390391922
2.4502090633087157
1.0299536043701174
0.16329089912414552
0.27664875492858887
0.1664200362243653
0.09252322586059591
0.11529449772644051
0.2489767210540772
0.534902110079956
0.35939314095153807
0.7366612784576416
0.792856055458252
0.143397157404129
0.6338634352189941
2.367792765831177
0.4115740795209959
1.006007580566406
0.4970993322753898
0.7370463444824225
1.2032097334003904
1.3920460111096187
1.0091718198811037
0.5767903861071781
0.16650444406127907
0.3839946604997557
2.102430361785889
7.619747567749023
8.793528740234375
2.5552455553759756
0.5822184826398926
0.06720587924194366
0.6210426750834959
0.8289977419677734
0.31616796323585505
0.17175709039336395
0.6499468902133636
0.1497401729812622
0.04464026141827393
0.2502324307380981
0.11821144451141352
0.08396429119024662
0.3886429986693726
0.08510768846807859
0.3754999459906616
0.36325492296722417
0.6157288797684937
0.2697942930343018
0.19204072502453595
0.1051823386198727
0.11235695465747053
0.45906771701098625
0.23399202281188947
0.35839417066479484
0.8181447559125824
0.8965938943330078
1.04977430066333
1.3441290409884032
0.07986274245434571
0.7584440870435791
0.2509144147099609
0.5752938257293702
0.5891537311904296
0.7490950128544922
0.1557492809590455
0.3516563955239258
0.4553637516384281
0.8463375582539063
0.771930966109375
0.056427351523742675
0.666254176741699
1.2370940865991207
0.021751901830444176
0.2590453963201904
0.010690372116699542
0.4924132254812008
0.5345715141977543
0.18763830348950172
0.06768199986999512
0.3485562323194644
0.5197916726741791
0.03387098326737975
0.1098178925117188
0.344773618783325
0.0800581130861664
0.19186364264762115
0.16040157282568357
0.17916150767272931
0.04451468035412598
0.6136341038643187
0.2845462598908082
0.9613854686932983
0.027926567167968486
0.503201744056641
0.16091293303484344
0.2457342319185028
0.422998161936035
1.2750159416428222
1.9319910636870117
2.227302322642334
1.513233081904053
1.3946187604191893
0.23883147195629872
0.45603865169897473
2.4562857799128417
