0.39196131666992073
1.7231507337011749
10.369917864931644
1.2204517919531241
1.4757839924707028
0.06950221992187267
1.9325313397460917
0.7810053344140613
0.22624235387695535
2.725854183447268
0.883610212060546
0.8817253665039004
1.529869665546876
0.3660699500781277
6.747948245507814
0.0961087944335901
1.6758795112304625
0.0734618784960901
2.508339799482421
5.535408147949219
0.30080759179687533
1.7542475627441405
0.594447751386717
0.39368832609375204
0.28758257226562023
1.2073204599609397
2.1882155102539116
4.189793026855469
16.3080176439209
14.788040955200195
11.624240865234375
2.6008900155561525
3.0076059709277345
0.20673608117675712
1.4085180461425786
0.36328385314941514
1.8819844320068349
1.0053892725830096
1.0544136274853528
0.1567983247851572
0.26697802880859456
0.0062305195312504225
1.8997426303710938
1.6266247539843732
9.426060809648437
6.812018572753907
1.2483913601074228
0.7958638671874994
1.3558564427929696
1.6640691914843728
0.1467856430664085
2.897860614990236
0.05986764526367239
1.3630193562499997
0.13950474670410173
0.0979943170166031
0.9281964960937508
1.2013843513964844
0.38523718855469014
0.026479833007812204
0.017165127441408856
2.10689624707031
0.2626753177734358
0.1267707572021486
2.503417279541015
6.200011012817384
7.338891783081056
1.507688893052734
0.2950479266967765
1.154415085205077
3.602711448120118
0.7105739427050786
1.0390249545117172
0.6026424002685538
0.16351397058105377
1.1602504431152312
0.15828074877929765
2.004941745727539
0.17449657739257773
1.2269226579589834
3.261924949829101
0.04191202449218778
0.44669090727050786
0.3056440112304699
1.7715605368652376
0.10230973974609725
2.1448188604614256
4.297241161437988
0.5564447064208977
0.8525050568066419
1.51230797416504
2.3771394022216796
0.6165779622802745
1.7939504715576184
0.13085953621093793
2.3076565584028312
1.3225043665161138
0.11649781915283164
0.1327405168457041
3.526165559003907
1.1188284534472643
2.285476371948242
0.029554174316405835
6.553464054138184
0.7331681983642575
0.39462570898437477
0.253870383178711
0.8662342444897462
5.205495424878906
3.292257907242676
1.9003856048889158
0.35646608184814443
2.591398743286131
5.241784851440428
1.4392476058789079
0.6016983978710932
1.0691946729736337
1.8556666126708983
0.8314060354736341
0.46935885622558615
0.4153748477399901
2.1508428293989255
0.5643313770141596
1.0697792514038085
6.1081462682417
0.4794307315844719
0.685580556274413
0.1359442425537125
0.6260108947753906
1.3460866028027354
0.8103556484965821
1.340000743745117
0.506039879274903
1.099910053588868
0.841348935380859
10.217708920173827
0.4229688730029295
1.2222218098144566
0.33421689514160136
0.22022435712158206
0.6034909148999024
0.36494384114013734
0.22332951567382775
0.4871505954589841
0.7863536180096435
1.3654211404006347
0.8711651001562499
0.16458870747375487
2.356502010340942
2.508967204183228
0.23666104266442867
0.4296907493133544
0.2605076941940916
1.6588998066872556
2.177914790291016
0.7008421492636718
1.036745570423828
3.9370668736582033
0.8808710287524413
0.6849725217773432
1.4393237870756836
1.230530129013916
1.902780490852539
1.0122951908444824
0.654615037765625
0.5294762198226319
0.11326713583715842
1.3664136025061033
1.0387369452270505
0.7569940758745108
5.368330244559083
0.369327971535645
1.8196366384765632
3.533586920553711
1.6385325464118652
0.898657069097107
0.4127700772880858
0.3783771535153808
2.9375895122285156
3.0807204832006843
3.7485606425048825
0.1281998893134766
0.2061192793144535
0.011809693647460762
0.08051159362304716
1.2750840629150382
0.5290595769165023
2.7751950472839355
1.7304067801872556
1.1599970213503425
3.932737703649658
0.9967367871650392
1.3023537691650393
1.8167773407907717
1.6908265250163574
1.600103720778808
1.3268825432739266
6.225221494322754
0.4825913937575681
0.31432908222875966
4.809404202836181
0.3262188727437745
0.4548565505997315
1.3101283484619142
1.9273226875781244
0.6579288838730468
1.1837489339062501
3.0923515659357914
3.191848642935791
3.262363500064209
3.273398615064209
0.8269555269357909
0.8319881539357912
3.209690060064209
